Initializing I2C devices...
Testing device connections...
MPU6050 connection successful
averaging 1000 readings each time
expanding:
....	XAccel			YAccel				ZAccel			XGyro			YGyro			ZGyro
 [0,0] --> [32767,32767]	[0,0] --> [10927,10926]	[0,0] --> [915,915]	[0,0] --> [-66,-66]	[0,0] --> [-58,-57]	[0,0] --> [75,76]
.... [-1000,0] --> [25494,32767]	[-1000,0] --> [2052,10928]	[0,1000] --> [915,10037]	[0,1000] --> [-65,3931]	[0,1000] --> [-58,3938]	[-1000,0] --> [-3920,71]
.... [-2000,0] --> [16744,32767]	[-2000,0] --> [-6819,10928]	[0,2000] --> [917,19163]	[0,1000] --> [-62,3932]	[0,1000] --> [-54,3938]	[-1000,0] --> [-3919,71]
.... [-3000,0] --> [7995,32767]	[-2000,0] --> [-6821,10928]	[0,2000] --> [911,19164]	[0,1000] --> [-64,3931]	[0,1000] --> [-55,3938]	[-1000,0] --> [-3920,72]
.... [-4000,0] --> [-756,32767]	[-2000,0] --> [-6820,10929]	[0,2000] --> [915,19162]	[0,1000] --> [-64,3932]	[0,1000] --> [-54,3938]	[-1000,0] --> [-3918,72]

closing in:
..	XAccel			YAccel				ZAccel			XGyro			YGyro			ZGyro
 [-4000,-2000] --> [-756,16746]	[-2000,-1000] --> [-6820,2056]	[1000,2000] --> [10042,19162]	[0,500] --> [-64,1934]	[0,500] --> [-54,1943]	[-500,0] --> [-1922,72]
.. [-4000,-3000] --> [-756,7994]	[-1500,-1000] --> [-2382,2056]	[1500,2000] --> [14601,19162]	[0,250] --> [-64,933]	[0,250] --> [-54,942]	[-250,0] --> [-924,72]
.. [-4000,-3500] --> [-756,3619]	[-1250,-1000] --> [-166,2056]	[1500,1750] --> [14601,16878]	[0,125] --> [-64,433]	[0,125] --> [-54,442]	[-125,0] --> [-423,72]
.. [-4000,-3750] --> [-756,1429]	[-1250,-1125] --> [-166,938]	[1625,1750] --> [15729,16878]	[0,62] --> [-64,181]	[0,62] --> [-54,189]	[-62,0] --> [-171,72]
.. [-4000,-3875] --> [-756,326]	[-1250,-1187] --> [-166,387]	[1687,1750] --> [16297,16878]	[0,31] --> [-64,58]	[0,31] --> [-54,65]	[-31,0] --> [-47,72]
..	XAccel			YAccel				ZAccel			XGyro			YGyro			ZGyro
 [-3937,-3875] --> [-211,326]	[-1250,-1218] --> [-166,120]	[1687,1718] --> [16297,16593]	[15,31] --> [-6,58]	[0,15] --> [-54,1]	[-31,-15] --> [-47,16]
.. [-3937,-3906] --> [-211,69]	[-1234,-1218] --> [-24,120]	[1687,1702] --> [16297,16444]	[15,23] --> [-6,25]	[7,15] --> [-29,1]	[-23,-15] --> [-15,16]
.. [-3921,-3906] --> [-69,69]	[-1234,-1226] --> [-24,43]	[1694,1702] --> [16369,16444]	[15,19] --> [-6,10]	[11,15] --> [-14,1]	[-19,-15] --> [0,16]
.. [-3913,-3906] --> [-3,69]	[-1234,-1230] --> [-24,14]	[1694,1698] --> [16369,16405]	[15,17] --> [-6,1]	[13,15] --> [-5,1]	[-19,-17] --> [0,8]
.. [-3913,-3909] --> [-3,34]	[-1232,-1230] --> [-5,14]	[1694,1696] --> [16369,16390]	[16,17] --> [-2,1]	[14,15] --> [-1,1]	[-19,-18] --> [0,4]
averaging 10000 readings each time
....................	XAccel			YAccel				ZAccel			XGyro			YGyro			ZGyro
 [-3913,-3911] --> [-3,16]	[-1231,-1230] --> [-4,14]	[1695,1696] --> [16371,16390]	[16,17] --> [-1,1]	[14,15] --> [-2,1]	[-19,-18] --> [0,4]
.................... [-3913,-3912] --> [-3,16]	[-1231,-1230] --> [-3,14]	[1695,1696] --> [16371,16390]	[16,17] --> [-1,1]	[14,15] --> [-2,1]	[-19,-18] --> [0,4]
.................... [-3913,-3912] --> [-2,16]	[-1231,-1230] --> [-4,14]	[1695,1696] --> [16370,16390]	[16,17] --> [-2,1]	[14,15] --> [-2,1]	[-19,-18] --> [0,4]
-------------- done --------------
